k=7
1.

0.46\% & 0.19\% & 1.54\% & 2.18\% & 34.98\% & 4.65\% & 0.51\% & 20.75\% & 2.5\% & 32.23\% \\ 
0.15\% & 0.11\% & 0.86\% & 0.51\% & 22.36\% & 2.74\% & 0.02\% & 42.53\% & 2.78\% & 27.94\% \\ 
8.62\% & 0.75\% & 4.84\% & 15.94\% & 0.51\% & 24.34\% & 2.97\% & 0.49\% & 40.69\% & 0.85\% \\
0.2\% & 60.78\% & 7.07\% & 4.19\% & 2.9\% & 7.74\% & 4.55\% & 4.26\% & 5.97\% & 2.34\% \\ 
93.02\% & 0.0\% & 1.52\% & 0.59\% & 0.18\% & 1.29\% & 1.46\% & 0.42\% & 0.65\% & 0.87\% \\ 
2.12\% & 0.15\% & 39.65\% & 1.51\% & 2.77\% & 1.19\% & 51.13\% & 0.27\% & 0.85\% & 0.36\% \\ 
3.25\% & 0.16\% & 7.51\% & 47.46\% & 0.0\% & 21.98\% & 0.76\% & 0.05\% & 17.71\% & 1.12\% \\

2.

0.19\% & 0.0\% & 1.4\% & 1.08\% & 35.6\% & 4.12\% & 0.82\% & 19.54\% & 2.35\% & 34.9\% \\
0.07\% & 0.0\% & 0.96\% & 0.55\% & 22.39\% & 3.71\% & 0.0\% & 42.38\% & 3.37\% & 26.58\% \\ 
6.59\% & 1.12\% & 5.46\% & 14.7\% & 0.8\% & 25.86\% & 3.53\% & 0.96\% & 39.76\% & 1.2\% \\ 
0.17\% & 63.84\% & 8.94\% & 3.55\% & 2.23\% & 6.42\% & 2.98\% & 4.93\% & 5.21\% & 1.72\% \\ 
93.05\% & 0.0\% & 2.0\% & 0.24\% & 0.0\% & 0.71\% & 2.36\% & 0.12\% & 0.82\% & 0.71\% \\ 
2.22\% & 0.25\% & 38.99\% & 1.36\% & 2.84\% & 1.42\% & 50.83\% & 0.25\% & 1.11\% & 0.74\% \\ 
4.31\% & 0.2\% & 8.16\% & 47.48\% & 0.0\% & 20.56\% & 0.33\% & 0.0\% & 18.37\% & 0.6\% \\

k=8
1.

8.39\% & 0.33\% & 1.91\% & 15.92\% & 0.47\% & 26.04\% & 2.34\% & 0.15\% & 43.44\% & 1.0\% \\ 
0.45\% & 0.17\% & 1.86\% & 2.08\% & 35.02\% & 4.4\% & 0.87\% & 20.64\% & 2.47\% & 32.04\% \\ 
3.93\% & 0.21\% & 3.41\% & 1.03\% & 2.97\% & 2.09\% & 85.15\% & 0.09\% & 0.99\% & 0.14\% \\ 
0.24\% & 61.11\% & 6.55\% & 4.02\% & 3.0\% & 8.02\% & 4.3\% & 4.25\% & 6.14\% & 2.37\% \\ 
1.19\% & 0.82\% & 86.36\% & 4.75\% & 1.05\% & 0.29\% & 2.78\% & 1.07\% & 1.34\% & 0.35\% \\ 
93.36\% & 0.0\% & 1.17\% & 0.66\% & 0.28\% & 1.27\% & 1.37\% & 0.42\% & 0.62\% & 0.85\% \\ 
3.09\% & 0.12\% & 5.07\% & 49.76\% & 0.0\% & 22.6\% & 0.4\% & 0.06\% & 17.74\% & 1.16\% \\ 
0.19\% & 0.11\% & 0.85\% & 0.54\% & 22.41\% & 2.85\% & 0.01\% & 42.43\% & 2.74\% & 27.87\% \\

2.

6.69\% & 0.34\% & 1.97\% & 13.98\% & 0.51\% & 27.96\% & 3.0\% & 0.09\% & 44.17\% & 1.29\% \\ 
0.19\% & 0.06\% & 1.69\% & 1.07\% & 35.3\% & 3.89\% & 1.32\% & 19.5\% & 2.32\% & 34.67\% \\ 
3.85\% & 0.42\% & 2.6\% & 1.04\% & 4.05\% & 2.29\% & 83.89\% & 0.1\% & 1.25\% & 0.52\% \\ 
0.23\% & 64.16\% & 7.92\% & 3.53\% & 2.2\% & 6.82\% & 3.06\% & 4.97\% & 5.38\% & 1.73\% \\ 
0.6\% & 1.56\% & 86.23\% & 4.55\% & 0.96\% & 0.6\% & 2.63\% & 1.8\% & 0.72\% & 0.36\% \\ 
93.51\% & 0.0\% & 1.53\% & 0.35\% & 0.0\% & 0.59\% & 2.24\% & 0.12\% & 0.83\% & 0.83\% \\ 
4.17\% & 0.21\% & 5.37\% & 50.07\% & 0.0\% & 21.26\% & 0.07\% & 0.0\% & 18.22\% & 0.64\% \\ 
0.14\% & 0.0\% & 0.76\% & 0.62\% & 22.64\% & 3.66\% & 0.0\% & 42.31\% & 3.17\% & 26.71\% \\

k=9
1.

3.19\% & 0.06\% & 5.08\% & 49.72\% & 0.01\% & 22.72\% & 0.42\% & 0.06\% & 17.56\% & 1.17\% \\ 
0.16\% & 0.1\% & 0.84\% & 0.51\% & 21.94\% & 3.19\% & 0.01\% & 42.84\% & 2.65\% & 27.76\% \\ 
93.45\% & 0.0\% & 1.13\% & 0.62\% & 0.28\% & 1.27\% & 1.39\% & 0.42\% & 0.62\% & 0.82\% \\ 
0.59\% & 54.91\% & 6.39\% & 1.43\% & 5.54\% & 13.2\% & 3.41\% & 5.18\% & 7.3\% & 2.06\% \\
0.07\% & 60.46\% & 5.95\% & 7.39\% & 2.74\% & 2.74\% & 4.96\% & 5.55\% & 5.81\% & 4.34\% \\ 
0.48\% & 0.07\% & 1.97\% & 1.99\% & 35.58\% & 4.36\% & 0.92\% & 19.94\% & 2.4\% & 32.28\% \\ 
1.05\% & 0.19\% & 88.2\% & 4.58\% & 0.92\% & 0.29\% & 2.48\% & 0.82\% & 1.09\% & 0.38\% \\ 
8.49\% & 0.1\% & 1.92\% & 16.46\% & 0.28\% & 26.14\% & 2.27\% & 0.06\% & 43.38\% & 0.91\% \\ 
3.83\% & 0.14\% & 3.46\% & 1.03\% & 2.79\% & 2.09\% & 85.46\% & 0.09\% & 0.98\% & 0.14\% \\

2.

4.28\% & 0.22\% & 5.45\% & 49.6\% & 0.0\% & 21.35\% & 0.07\% & 0.0\% & 18.37\% & 0.65\% \\ 
0.14\% & 0.0\% & 0.84\% & 0.56\% & 21.93\% & 4.12\% & 0.07\% & 42.11\% & 3.21\% & 27.03\% \\ 
93.5\% & 0.0\% & 1.54\% & 0.35\% & 0.0\% & 0.59\% & 2.25\% & 0.12\% & 0.83\% & 0.83\% \\ 
0.61\% & 57.02\% & 9.81\% & 0.73\% & 4.12\% & 11.5\% & 2.54\% & 6.78\% & 5.69\% & 1.21\% \\ 
0.0\% & 64.96\% & 6.12\% & 7.6\% & 3.16\% & 2.17\% & 3.06\% & 5.92\% & 3.85\% & 3.16\% \\ 
0.19\% & 0.0\% & 1.92\% & 0.83\% & 35.66\% & 3.98\% & 1.41\% & 18.73\% & 2.57\% & 34.7\% \\ 
0.62\% & 0.0\% & 88.13\% & 4.57\% & 0.74\% & 0.62\% & 2.47\% & 1.73\% & 0.74\% & 0.37\% \\ 
6.56\% & 0.08\% & 1.85\% & 14.55\% & 0.34\% & 27.75\% & 3.36\% & 0.08\% & 44.15\% & 1.26\% \\ 
3.9\% & 0.21\% & 2.53\% & 1.05\% & 3.79\% & 2.11\% & 84.62\% & 0.11\% & 1.16\% & 0.53\% \\ 

k=10
1.

79.38\% & 0.0\% & 3.01\% & 3.8\% & 0.32\% & 7.73\% & 3.74\% & 0.44\% & 0.98\% & 0.6\% \\ 
2.86\% & 0.15\% & 2.35\% & 15.75\% & 0.32\% & 23.21\% & 1.45\% & 0.15\% & 52.7\% & 1.05\% \\ 
0.05\% & 62.24\% & 6.11\% & 7.18\% & 2.66\% & 2.75\% & 4.52\% & 5.48\% & 4.99\% & 4.02\% \\ 
0.16\% & 0.1\% & 0.78\% & 0.55\% & 21.94\% & 3.9\% & 0.01\% & 42.67\% & 2.05\% & 27.84\% \\ 
2.18\% & 0.07\% & 4.39\% & 52.61\% & 0.01\% & 23.79\% & 0.38\% & 0.07\% & 15.35\% & 1.15\% \\ 
0.41\% & 0.07\% & 1.95\% & 1.98\% & 35.71\% & 4.21\% & 0.92\% & 20.1\% & 2.16\% & 32.49\% \\ 
90.48\% & 0.0\% & 0.32\% & 0.62\% & 0.32\% & 2.11\% & 3.24\% & 0.49\% & 1.23\% & 1.2\% \\ 
3.18\% & 0.16\% & 3.71\% & 1.01\% & 2.88\% & 2.13\% & 85.91\% & 0.07\% & 0.82\% & 0.12\% \\ 
0.36\% & 0.19\% & 89.51\% & 4.65\% & 0.81\% & 0.32\% & 1.86\% & 0.83\% & 1.19\% & 0.28\% \\ 
0.38\% & 53.27\% & 6.32\% & 1.84\% & 5.53\% & 14.22\% & 3.97\% & 5.05\% & 7.37\% & 2.06\% \\

2.

77.61\% & 0.0\% & 3.49\% & 3.3\% & 0.18\% & 6.97\% & 4.4\% & 0.18\% & 2.02\% & 1.83\% \\ 
1.65\% & 0.09\% & 2.47\% & 13.35\% & 0.46\% & 25.69\% & 1.74\% & 0.09\% & 53.29\% & 1.19\% \\ 
0.0\% & 66.33\% & 5.93\% & 7.34\% & 3.02\% & 2.31\% & 2.81\% & 5.93\% & 3.42\% & 2.91\% \\ 
0.21\% & 0.0\% & 0.77\% & 0.49\% & 21.78\% & 4.83\% & 0.07\% & 42.23\% & 2.45\% & 27.17\% \\ 
3.71\% & 0.15\% & 4.93\% & 52.77\% & 0.0\% & 21.83\% & 0.15\% & 0.0\% & 15.92\% & 0.53\% \\ 
0.26\% & 0.0\% & 1.93\% & 0.97\% & 35.95\% & 3.61\% & 1.42\% & 18.81\% & 2.19\% & 34.86\% \\ 
90.84\% & 0.0\% & 0.61\% & 0.2\% & 0.2\% & 1.83\% & 4.07\% & 0.2\% & 1.22\% & 0.81\% \\ 
3.24\% & 0.22\% & 2.7\% & 0.76\% & 3.78\% & 2.05\% & 85.65\% & 0.11\% & 1.08\% & 0.43\% \\ 
0.25\% & 0.12\% & 88.51\% & 4.99\% & 0.62\% & 0.5\% & 2.25\% & 1.62\% & 0.75\% & 0.37\% \\ 
0.59\% & 55.31\% & 9.91\% & 0.83\% & 4.25\% & 12.38\% & 3.54\% & 6.72\% & 5.31\% & 1.18\% \\ 

k=11
1.

79.76\% & 0.0\% & 3.22\% & 3.83\% & 0.22\% & 7.81\% & 3.28\% & 0.41\% & 0.92\% & 0.54\% \\ 
0.34\% & 55.42\% & 6.87\% & 1.9\% & 4.33\% & 14.26\% & 4.03\% & 4.31\% & 7.11\% & 1.44\% \\ 
2.64\% & 0.16\% & 2.46\% & 16.29\% & 0.19\% & 22.7\% & 1.17\% & 0.11\% & 53.69\% & 0.6\% \\ 
0.33\% & 0.22\% & 90.89\% & 4.74\% & 0.28\% & 0.33\% & 1.52\% & 0.65\% & 0.93\% & 0.11\% \\ 
0.27\% & 0.1\% & 0.88\% & 0.58\% & 23.07\% & 5.14\% & 0.01\% & 41.56\% & 2.99\% & 25.4\% \\ 
1.11\% & 0.07\% & 4.22\% & 1.35\% & 40.9\% & 3.66\% & 9.16\% & 10.64\% & 2.48\% & 26.41\% \\ 
2.11\% & 0.07\% & 4.3\% & 52.8\% & 0.0\% & 23.75\% & 0.39\% & 0.04\% & 15.38\% & 1.17\% \\ 
0.25\% & 0.11\% & 0.52\% & 1.99\% & 22.61\% & 4.31\% & 0.01\% & 33.7\% & 2.27\% & 34.22\% \\ 
3.58\% & 0.19\% & 3.07\% & 1.11\% & 2.25\% & 2.59\% & 85.99\% & 0.04\% & 1.05\% & 0.15\% \\ 
91.55\% & 0.0\% & 0.33\% & 0.49\% & 0.07\% & 2.01\% & 3.53\% & 0.23\% & 1.12\% & 0.66\% \\ 
0.02\% & 67.58\% & 6.02\% & 6.8\% & 1.74\% & 2.4\% & 4.22\% & 4.02\% & 4.71\% & 2.51\% \\

2.
77.94\% & 0.0\% & 3.68\% & 3.49\% & 0.18\% & 7.17\% & 3.31\% & 0.18\% & 2.02\% & 2.02\% \\ 
0.5\% & 58.12\% & 10.66\% & 0.74\% & 2.85\% & 12.02\% & 3.22\% & 5.82\% & 5.2\% & 0.87\% \\ 
1.61\% & 0.09\% & 2.56\% & 13.54\% & 0.0\% & 25.66\% & 1.23\% & 0.09\% & 54.36\% & 0.85\% \\ 
0.25\% & 0.13\% & 89.85\% & 5.33\% & 0.38\% & 0.51\% & 1.14\% & 1.4\% & 0.76\% & 0.25\% \\ 
0.19\% & 0.0\% & 1.07\% & 0.78\% & 24.71\% & 6.42\% & 0.0\% & 41.15\% & 2.63\% & 23.05\% \\ 
0.78\% & 0.0\% & 3.7\% & 0.78\% & 41.55\% & 3.25\% & 11.87\% & 9.18\% & 1.9\% & 26.99\% \\ 
3.62\% & 0.15\% & 4.75\% & 52.68\% & 0.0\% & 21.96\% & 0.15\% & 0.0\% & 16.23\% & 0.45\% \\ 
0.23\% & 0.0\% & 0.69\% & 1.23\% & 22.25\% & 3.46\% & 0.08\% & 32.79\% & 2.62\% & 36.64\% \\ 
3.61\% & 0.23\% & 2.44\% & 1.05\% & 2.68\% & 2.56\% & 85.91\% & 0.12\% & 1.16\% & 0.23\% \\ 
91.32\% & 0.0\% & 0.62\% & 0.21\% & 0.0\% & 1.86\% & 4.34\% & 0.0\% & 1.24\% & 0.41\% \\ 
0.0\% & 71.97\% & 5.56\% & 6.65\% & 1.96\% & 2.07\% & 2.62\% & 3.93\% & 3.49\% & 1.74\% \\

k=12

1.
0.28\% & 0.15\% & 0.54\% & 1.87\% & 22.08\% & 3.55\% & 0.03\% & 35.02\% & 1.99\% & 34.5\% \\
84.03\% & 0.0\% & 2.97\% & 2.87\% & 0.3\% & 4.84\% & 3.31\% & 0.33\% & 0.84\% & 0.5\% \\ 
0.05\% & 75.08\% & 7.41\% & 0.85\% & 2.74\% & 2.14\% & 0.53\% & 4.8\% & 5.05\% & 1.36\% \\ 
0.96\% & 0.15\% & 2.87\% & 17.26\% & 0.14\% & 17.65\% & 0.21\% & 0.14\% & 59.93\% & 0.7\% \\ 
0.43\% & 0.1\% & 2.72\% & 1.79\% & 43.21\% & 4.18\% & 1.5\% & 12.75\% & 2.53\% & 30.81\% \\ 
0.26\% & 0.24\% & 91.98\% & 4.61\% & 0.24\% & 0.13\% & 0.79\% & 0.68\% & 0.92\% & 0.13\% \\ 
3.51\% & 0.14\% & 1.85\% & 0.57\% & 2.18\% & 1.5\% & 89.05\% & 0.08\% & 0.95\% & 0.16\% \\ 
0.1\% & 0.08\% & 0.94\% & 0.44\% & 23.05\% & 2.03\% & 0.02\% & 44.46\% & 2.51\% & 26.37\% \\ 
0.0\% & 73.54\% & 5.65\% & 5.79\% & 1.54\% & 1.42\% & 0.6\% & 4.43\% & 4.53\% & 2.5\% \\ 
2.35\% & 0.09\% & 3.58\% & 53.3\% & 0.0\% & 24.43\% & 0.41\% & 0.04\% & 14.65\% & 1.15\% \\ 
92.48\% & 0.0\% & 0.35\% & 0.52\% & 0.07\% & 1.96\% & 2.03\% & 0.31\% & 1.26\% & 1.01\% \\ 
6.16\% & 0.34\% & 6.42\% & 5.17\% & 7.14\% & 28.34\% & 40.72\% & 0.2\% & 4.96\% & 0.55\% \\

2.
0.24\% & 0.0\% & 0.71\% & 1.03\% & 21.6\% & 3.01\% & 0.24\% & 34.49\% & 2.37\% & 36.31\% \\ 
80.65\% & 0.0\% & 3.8\% & 2.09\% & 0.19\% & 5.5\% & 3.8\% & 0.19\% & 2.09\% & 1.71\% \\ 
0.15\% & 72.91\% & 12.54\% & 0.15\% & 2.32\% & 1.08\% & 0.31\% & 6.81\% & 2.79\% & 0.93\% \\ 
0.92\% & 0.1\% & 3.48\% & 14.45\% & 0.0\% & 19.36\% & 0.0\% & 0.1\% & 60.66\% & 0.92\% \\ 
0.24\% & 0.0\% & 2.77\% & 0.96\% & 44.28\% & 3.61\% & 2.17\% & 10.95\% & 2.17\% & 32.85\% \\ 
0.26\% & 0.13\% & 90.83\% & 5.17\% & 0.0\% & 0.26\% & 0.9\% & 1.42\% & 0.78\% & 0.26\% \\ 
3.34\% & 0.15\% & 1.31\% & 0.44\% & 2.33\% & 1.45\% & 89.83\% & 0.0\% & 0.87\% & 0.29\% \\ 
0.0\% & 0.0\% & 1.18\% & 0.86\% & 24.92\% & 3.11\% & 0.0\% & 43.72\% & 2.36\% & 23.85\% \\
0.0\% & 76.85\% & 5.05\% & 5.64\% & 1.29\% & 1.65\% & 0.35\% & 4.11\% & 3.06\% & 2.0\% \\ 
3.75\% & 0.15\% & 3.6\% & 53.25\% & 0.0\% & 23.49\% & 0.15\% & 0.0\% & 15.15\% & 0.46\% \\ 
92.27\% & 0.0\% & 0.66\% & 0.22\% & 0.0\% & 1.77\% & 3.53\% & 0.0\% & 1.32\% & 0.22\% \\ 
6.38\% & 0.66\% & 6.52\% & 5.32\% & 8.78\% & 30.45\% & 35.77\% & 0.27\% & 5.45\% & 0.4\% \\

